2.326249929422788149e-03
9.641188079378912052e-04
7.858227733071077329e-04
4.935351906745374245e-03
8.232802843486205146e-04
1.213543514685839608e-03
1.198318309147035094e-03
4.252376642843553982e-03
4.239907036857407108e-03
4.096644000629772256e-03
2.802760243929963962e-04
2.145746636284452235e-03
1.202322802400206635e-03
1.938959996912511825e-03
1.697155236447390201e-03
9.006766747679152566e-04
1.918162829889165366e-03
5.645997472676630297e-03
1.542176536067912419e-03
4.129946587984292122e-03
2.402295739455391054e-03
2.954605220775893132e-03
1.972637607103062875e-03
2.767421296677343226e-03
1.237992537873469547e-03
2.385421757616803477e-03
2.205306936589170128e-03
2.406459002900671572e-03
2.165922167769445284e-03
2.157691174744110992e-04
