1.495494919443538222e-03
2.895134752841413937e-03
1.048021299793261288e-03
2.417865776525980181e-03
2.932834626969033380e-04
2.366259741413889381e-03
1.098560492063164031e-03
2.770147007121900439e-03
3.560790990971602829e-03
5.013635856989878160e-03
3.650859301931931610e-04
7.500219245849701300e-04
2.175941683105782690e-03
1.039918416691019065e-03
3.124584726966898266e-03
8.754463331641973412e-05
1.236197070844633188e-03
5.201664392195258849e-03
3.100878398312952554e-03
5.119326720113050351e-03
2.157280276146757072e-03
3.575903100345528395e-03
1.958778581770704089e-03
3.186008766122258237e-03
2.685781274998141378e-03
1.845090926483668398e-03
4.602473922658395153e-03
2.683492519510207851e-03
1.303456344886856849e-03
2.821359098031720608e-03
